-1 0.0907026 0.0902012
-0.979798 0.0746352 0.0741257
-0.959596 0.0600783 0.0600784
-0.939394 0.0470557 0.0470557
-0.919192 0.0355884 0.0355885
-0.89899 0.0256954 0.0256954
-0.878788 0.0173926 0.0173927
-0.858586 0.0106938 0.0106939
-0.838384 0.00560971 0.0056098
-0.818182 0.00214877 0.00214885
-0.79798 0.000316578 0.000316667
-0.777778 0.000116138 0.000116227
-0.757576 0.00154777 0.00154786
-0.737374 0.00460915 0.00460923
-0.717172 0.00929526 0.00929535
-0.69697 0.0155985 0.0155986
-0.676768 0.0235085 0.0235086
-0.656566 0.0330124 0.0330125
-0.636364 0.0440947 0.0440947
-0.616162 0.0567372 0.0567373
-0.59596 0.0709195 0.0709195
-0.575758 0.0866182 0.0866183
-0.555556 0.103808 0.103808
-0.535354 0.12246 0.12246
-0.515152 0.142545 0.142545
-0.494949 0.164029 0.16403
-0.474747 0.186878 0.186878
-0.454545 0.211055 0.211055
-0.434343 0.236518 0.236519
-0.414141 0.263229 0.263229
-0.393939 0.291141 0.291141
-0.373737 0.320211 0.320211
-0.353535 0.35039 0.350391
-0.333333 0.38163 0.38163
-0.313131 0.413879 0.413879
-0.292929 0.447085 0.447085
-0.272727 0.481193 0.481193
-0.252525 0.516148 0.516148
-0.232323 0.551893 0.551893
-0.212121 0.58837 0.58837
-0.191919 0.625518 0.625518
-0.171717 0.663277 0.663277
-0.151515 0.701586 0.701586
-0.131313 0.740382 0.740382
-0.111111 0.779602 0.779602
-0.0909091 0.819182 0.819182
-0.0707071 0.859057 0.859057
-0.0505051 0.899162 0.899162
-0.030303 0.939431 0.939431
-0.010101 0.979799 0.979799
0.010101 1.0202 1.0202
0.030303 1.06057 1.06057
0.0505051 1.10084 1.10084
0.0707071 1.14094 1.14094
0.0909091 1.18082 1.18082
0.111111 1.2204 1.2204
0.131313 1.25962 1.25962
0.151515 1.29841 1.29841
0.171717 1.33672 1.33672
0.191919 1.37448 1.37448
0.212121 1.41163 1.41163
0.232323 1.44811 1.44811
0.252525 1.48385 1.48385
0.272727 1.51881 1.51881
0.292929 1.55291 1.55291
0.313131 1.58612 1.58612
0.333333 1.61837 1.61837
0.353535 1.64961 1.64961
0.373737 1.67979 1.67979
0.393939 1.70886 1.70886
0.414141 1.73677 1.73677
0.434343 1.76348 1.76348
0.454545 1.78895 1.78895
0.474747 1.81312 1.81312
0.494949 1.83597 1.83597
0.515152 1.85745 1.85745
0.535354 1.87754 1.87754
0.555556 1.89619 1.89619
0.575758 1.91338 1.91338
0.59596 1.92908 1.92908
0.616162 1.94326 1.94326
0.636364 1.95591 1.95591
0.656566 1.96699 1.96699
0.676768 1.97649 1.97649
0.69697 1.9844 1.9844
0.717172 1.9907 1.9907
0.737374 1.99539 1.99539
0.757576 1.99845 1.99845
0.777778 1.99988 1.99988
0.79798 1.99968 1.99968
0.818182 1.99785 1.99785
0.838384 1.99439 1.99439
0.858586 1.98931 1.98931
0.878788 1.98261 1.98261
0.89899 1.9743 1.9743
0.919192 1.96441 1.96441
0.939394 1.95294 1.95294
0.959596 1.93992 1.93992
0.979798 1.92536 1.92587
1 1.9093 1.9098
